0.004539066174854861
0.0021460729021806047
0.0013969486638791134
0.0009970549853261742
0.0008164016574787392
0.0007264131113533319
0.0005958104569570993
0.0005006294941742845
0.0004844320291569043
0.0004244884252133549
0.00033106631557084065
0.0002953634209175572
0.00026801349595194346
0.0002459457047822767
0.00021473920588498777
0.00016759002368600532
0.00014859142288786288
0.00013777003031952915
0.00010831295148048297
8.466450726844753e-05
7.225309711586833e-05
5.58440515547014e-05
5.0369915835819716e-05
3.392997258449912e-05
3.1160740516272264e-05
1.575356114418583e-05
1.0179129454225492e-05
6.531244887961212e-06
7.204115788205038e-06
6.384872007771425e-06
1.0433879320760324e-05
4.341768003182784e-06
5.571836152976519e-06
4.375821323078227e-06
5.813561833631198e-06
7.225111023317552e-06
3.705602861712432e-06
3.878500731460491e-06
3.4846157395663805e-06
2.988243944222696e-06
2.923916725434438e-06
3.868746320703249e-06
4.3146844618895555e-06
2.262555332551295e-06
2.1730649342992716e-06
1.4719649282739536e-06
3.5339100628829726e-06
2.305314945296378e-06
2.3917726056876224e-06
2.2033945940152127e-06
1.4035871999505457e-06
1.587065072321081e-06
2.5264944661408564e-06
1.5927431204037266e-06
1.7747021565910853e-06
2.0512572755961726e-06
1.47228065562657e-06
2.459989761967266e-06
1.9533752301738268e-06
1.669483396678858e-06
1.6193120505788595e-06
1.233038108146113e-06
1.9667594321940927e-06
1.498820933561671e-06
1.2343155494498587e-06
1.6795692482614319e-06
1.4942925754769648e-06
1.5368893053950457e-06
1.3815917477591684e-06
1.5752715720235342e-06
1.6385608225785163e-06
1.5575771313973705e-06
1.22700571097737e-06
1.671488119625171e-06
1.226930819550529e-06
1.6726151799981887e-06
1.0900191443679369e-06
9.21816310683667e-07
1.3472603020447807e-06
1.1686612276342921e-06
2.310973650280205e-06
1.5475413955598275e-06
1.0651101057747422e-06
8.633904744246819e-07
1.283891616650926e-06
1.1872510325876961e-06
1.8129366070566468e-06
2.1164530650582486e-06
1.3648141873559325e-06
8.488211657156505e-07
1.220400657669676e-06
1.0466726410020748e-06
8.970008645233153e-07
9.309192435483595e-07
1.1044483613834213e-06
9.204108272716639e-07
7.717837929309193e-07
7.289684998059765e-07
7.575996916014246e-07
1.1388093778660292e-06
7.294606350754667e-07
1.2205161971076782e-06
8.687633210438784e-07
9.355881242561304e-07
6.842372114008433e-07
5.625834568643395e-07
8.733794880903339e-07
1.0304941362708924e-06
8.658728158488372e-07
9.945571630845516e-07
1.0735554020899468e-06
7.009753015506693e-07
9.255069399895921e-07
9.281087965903192e-07
4.638840867256669e-07
7.741494345050925e-07
6.917387399909557e-07
7.045937889502586e-07
1.2399822516848264e-06
8.221655639072238e-07
9.505725233417547e-07
7.862199311418931e-07
8.816072429533204e-07
7.513293850245673e-07
7.867188226756335e-07
8.087327041673881e-07
9.879086642802717e-07
6.735883832919403e-07
7.388387416293971e-07
1.2230662403810042e-06
8.885320041969582e-07
7.211428616577928e-07
5.742742323729148e-07
7.307634487444032e-07
8.529302417787756e-07
6.61204099730794e-07
6.177448297087085e-07
8.580007117346768e-07
8.520968843491528e-07
6.6869966046376e-07
5.673765345117882e-07
6.201342925115875e-07
7.174407911212243e-07
6.873710398665621e-07
6.668752720030576e-07
1.1554916642555041e-06
5.933437915474402e-07
4.782245905360862e-07
8.236987565181522e-07
8.80590082514212e-07
5.915882482310265e-07
4.991588245526364e-07
8.376944923003377e-07
4.604955607850509e-07
7.551891325825315e-07
6.58866557921162e-07
6.056291140133042e-07
5.434436039221418e-07
7.180539881735974e-07
4.508883805983579e-07
8.993013696344859e-07
6.196779814087399e-07
6.700477397326459e-07
6.538044687192064e-07
3.9721108215948376e-07
6.568685227933346e-07
6.706238975277596e-07
6.449886194915112e-07
4.739008015123101e-07
6.202101147563522e-07
4.5928655839415936e-07
5.552034641574331e-07
4.0734190670097924e-07
5.255309520507519e-07
5.904494862805125e-07
6.231500682503159e-07
4.918438941615122e-07
5.117473474463428e-07
4.255146764446316e-07
5.079301804885373e-07
6.545575202354222e-07
5.304723525807703e-07
4.241144375680703e-07
4.4546519427583386e-07
4.4199211691381075e-07
5.6083151419877e-07
4.0447863179828767e-07
4.922839986369553e-07
4.0481639297305804e-07
3.560972116734017e-07
5.942973388648425e-07
4.130780105195476e-07
8.033637713711562e-07
6.078220381815033e-07
5.972890906483847e-07
6.202604955734303e-07
4.499895399552179e-07
4.0539202979442374e-07
3.292592408939515e-07
4.2749832872300176e-07
4.4139076764956393e-07
5.562331230647377e-07
2.8594949193286766e-07
3.946708210316606e-07
5.321515443562288e-07
6.770515737768938e-07
4.503666229832306e-07
2.9800474707880737e-07
4.993309322161785e-07
4.647206129131501e-07
4.169382883503977e-07
3.9318890978821435e-07
3.592682063654523e-07
6.95974770113117e-07
4.105200388770053e-07
5.443010917735016e-07
2.7278216628458915e-07
8.7304238641543e-07
4.627985935239861e-07
6.686836868366585e-07
8.422049223293689e-07
4.090893865972116e-07
4.3284640223630836e-07
4.3592337316823166e-07
5.496405972828363e-07
5.350254600935808e-07
4.527353662253119e-07
4.1065811432771497e-07
4.1463796388979115e-07
4.2122690333662673e-07
5.728130946593126e-07
3.241960450406369e-07
4.758614040504873e-07
4.1169530927232585e-07
3.6230456944751314e-07
3.884651191066438e-07
3.361435821172543e-07
3.476322680039554e-07
3.792121788789915e-07
4.838713713243665e-07
3.905817957940628e-07
5.498135160835584e-07
4.910480856644953e-07
7.069314355957269e-07
3.348645421270047e-07
5.656883273660434e-07
3.273017197634387e-07
5.509395183746614e-07
4.448950923678043e-07
3.6538518005822023e-07
3.371102850760228e-07
5.681938916908848e-07
6.036707350540081e-07
3.841468025483948e-07
3.4469952086533e-07
6.033342692226516e-07
3.0170222726383074e-07
3.803056144598889e-07
3.695402664554118e-07
4.519885154755523e-07
2.391766868881735e-07
4.0304113627703915e-07
3.392787445143893e-07
4.5249793817438444e-07
7.403875281583021e-07
2.0399028225128964e-07
4.949057696240668e-07
5.142865467025819e-07
3.3004316013693673e-07
3.350198426119274e-07
3.370624573280313e-07
4.2977848279838575e-07
3.2832869560293696e-07
4.0982731095741955e-07
7.195095916432062e-07
2.9839817591021644e-07
6.169206690646873e-07
3.8582533014927903e-07
4.4288480403985763e-07
8.036564129902131e-07
5.263945578427934e-07
3.2082267283899327e-07
3.587881203728512e-07
4.641273666055938e-07
2.3587522790482655e-07
5.83940117914542e-07
3.8626081766295185e-07
3.274738861632132e-07
3.911908680767551e-07
2.5394500478255537e-07
3.2561066932458716e-07
4.377462685333213e-07
3.9920889053990085e-07
2.8599578634814336e-07
2.2890794095195491e-07
3.1198754850842674e-07
2.5033138530883074e-07
4.534375857386894e-07
3.212835815222052e-07
3.3165477240248796e-07
3.1592195833535754e-07
4.642835151828194e-07
2.292579823147418e-07
2.656070649565879e-07
4.832127612649673e-07
1.8172320700471538e-07
3.01166053364785e-07
3.2327040503325636e-07
2.6342340134013726e-07
2.4314244008408475e-07
2.724906762296723e-07
3.811888341154489e-07
2.599826818082424e-07
2.0631890199123916e-07
1.3043235861387418e-06
2.6170447603016147e-07
3.400467644380073e-07
3.592134307877789e-07
4.983781956751412e-07
3.4738609761603226e-07
4.27099146825406e-07
3.831001878602769e-07
2.726675193232123e-07
4.222852510558974e-07
2.8886988696681053e-07
3.444272383821388e-07
3.3172436971413494e-07
2.778976122380638e-07
1.7966990870004838e-07
2.203043767276794e-07
6.821073101381357e-07
3.168227222999593e-07
3.784601550651754e-07
5.121691956774145e-07
2.3046887616755532e-07
3.463878445978366e-07
2.602519893698251e-07
2.7119532971552096e-07
2.6374418395591494e-07
2.49341257507488e-07
2.191076442024823e-07
4.623108464885142e-07
3.2412291530115643e-07
2.1221100051693832e-07
4.1700786473059353e-07
3.374799106882028e-07
2.279276179932647e-07
2.407034293020391e-07
3.2993960802961853e-07
2.1306427195236958e-07
3.143489837585931e-07
2.3599363607884682e-07
1.9415966049010695e-07
2.678186177505483e-07
3.17791481716783e-07
3.3768529132992163e-07
3.4349148228242613e-07
3.314592143028154e-07
3.313326268155091e-07
2.9255500492398314e-07
2.5385775834998866e-07
4.327291371356878e-07
2.715456659746871e-07
3.1036491397161097e-07
3.409503850891629e-07
3.72340047419067e-07
2.9710365918373353e-07
4.463922999387294e-07
3.735977770990725e-07
3.017572619255342e-07
3.5421172207196307e-07
3.903427246419562e-07
3.751470808934021e-07
2.8678837253278633e-07
2.586306230149619e-07
3.347770530183209e-07
3.2960755909561825e-07
7.408638777831959e-07
2.746285443184683e-07
2.564089949809412e-07
2.5160973300236454e-07
2.72729470320512e-07
3.1934897448384305e-07
2.7527400275499087e-07
2.241684806080971e-07
1.9325954775242397e-07
2.3624460763184416e-07
2.3244507818203538e-07
4.5791229639548246e-07
1.786663268689922e-07
3.165553443100376e-07
2.754470937930886e-07
2.951488758310833e-07
2.579387238478934e-07
2.0699365768648426e-07
1.9872246612751268e-07
2.3236123020265577e-07
3.360573274986896e-07
2.593933931070091e-07
3.3052906730064385e-07
